38.5850944
51.8997497
40.01901323
10.0589202
32.06742496
122.7915033
72.11643685
49.58964837
42.48981238
56.44248544
50.10887782
22.81861778
6.221974406
22.12556557
45.50786003
-11.8446789
-15.93195196
-11.96609502
2.213508842
4.982298218
-37.69398392
-22.13797974
3.58400436
-9.824544749
1.716103896
-8.044797929
-7.004756752
-1.909993746
5.315336292
5.017504467
149.424848
117.4591406
103.0989732
110.4377342
72.32212005
62.69882764
51.8997497
27.80024681
30.77820648
67.7471853
143.8783337
146.2494303
162.8460736
136.8522119
102.8464667
-45.86976841
-36.0570792
-30.89493208
2.518739664
19.04046454
19.24700438
-15.93195196
-7.40636611
-5.988038662
-20.07632412
-39.88638409
-44.89499295
-49.98975595
-26.73964088
5.017517836
23.73047313
51.60890742
69.93493178
69.0147222
80.61045498
81.45550112
96.9516112
128.0039855
116.5125264
60.81032925
47.93118201
51.8997497
51.8997497
33.54976107
36.64567331
7.28467401
-15.8426705
-9.124081144
-11.19665746
-24.02276276
-25.00484372
-29.76176996
-31.38425117
-7.704751023
18.36022023
8.987211566
-15.93195196
-15.93195196
-3.251218952
-10.0350223
-142.2804474
-2.632781355
-43.26315967
-36.26069981
-15.88514402
-15.90779928
-15.18301642
-43.46858284
-13.48290391
0.34779983
0.263343862
-37.51484251
-76.34652662
-115.5983608
-140.3599928
-34.49098527
7.60804825
-100.313358
-78.73550955
-82.55566761
-82.67340778
-44.96855824
-12.76773915
-29.36338529
-45.1378275
-34.17704316
-59.20189425
-59.34195029
-46.39593566
-34.02543731
149.5651214
-13.20988915
34.13907853
25.06404235
-8.137618737
-9.097044445
-14.57875354
12.08433166
5.778152889
18.0124204
47.66783815
89.41459221
128.2462763
137.0226654
130.3249705
-96.7785416
-110.9991408
15.24828976
-7.24976825
8.166122589
9.128908903
-13.07983056
-14.22827533
-9.124088358
-49.05184325
-129.8101684
-79.86615379
-79.72609776
-82.58184181
-84.32888938
-142.2804474
-2.632781355
-43.26315967
-36.26069981
-15.88514402
-15.90779928
-15.18301642
-43.46858284
-13.48290391
0.34779983
0.263343862
-37.51484251
-76.34652662
-115.5983608
-140.3599928
-34.49098527
7.60804825
-100.313358
-78.73550955
-82.55566761
-82.67340778
-44.96855824
-12.76773915
-29.36338529
-45.1378275
-34.17704316
-59.20189425
-59.34195029
-46.39593566
-34.02543731
149.5651214
-13.20988915
34.13907853
25.06404235
-8.137618737
-9.097044445
-14.57875354
12.08433166
5.778152889
18.0124204
47.66783815
89.41459221
128.2462763
137.0226654
130.3249705
-96.7785416
-110.9991408
15.24828976
-7.24976825
8.166122589
9.128908903
-13.07983056
-14.22827533
-9.124088358
-49.05184325
-129.8101684
-79.86615379
-79.72609776
-82.58184181
-84.32888938
0.597375247
0.596623143
0.512014664
0.496221496
0.52861427
-2.903764987
-4.379235508
-5.11956692
1.139213576
1.38070228
0.52861427
0.349267016
0.104847145
-0.031877482
-0.058506234
1.38070228
-5.038007169
-2.855904125
-2.001253134
-1.563091194
1.391487265
1.391487265
1.391487265
1.391487265
1.391487265
-1.563091194
-2.135610527
-2.480865249
-2.75991905
-2.903764987
2.085940484
2.33303053
2.54157473
2.682289297
2.741821965
-0.997145936
1.391487265
1.09763861
0.157113697
0.287869797
0.048991295
0.1
0.062325216
0.150297759
0.489584056
0.237170825
-6.95E-29
-2.21E-29
0
0.434027484
0.306975507
